[gd_scene load_steps=5 format=2]

[ext_resource path="res://SnowMaterial.tres" type="Material" id=1]
[ext_resource path="res://scenes/models/ModelPineTree.tscn" type="PackedScene" id=2]

[sub_resource type="CubeMesh" id=1]
size = Vector3( 1000, 2, 1000 )

[sub_resource type="BoxShape" id=2]
extents = Vector3( 50, 1, 50 )

[node name="Floor" type="Spatial"]

[node name="MeshInstance" type="MeshInstance" parent="."]
transform = Transform( 1, 0, 0, 0, 1, 0, 0, 0, 1, -1.25372, 1.11605, 0.0361919 )
mesh = SubResource( 1 )
skeleton = NodePath("../../../..")
material/0 = ExtResource( 1 )

[node name="StaticBody" type="StaticBody" parent="."]
collision_layer = 3
collision_mask = 3

[node name="CollisionShape" type="CollisionShape" parent="StaticBody"]
transform = Transform( 1, 0, 0, 0, 1, 0, 0, 0, 1, -1, 1, 0 )
shape = SubResource( 2 )

[node name="CollisionShape2" type="CollisionShape" parent="StaticBody"]
transform = Transform( 1, 0, 0, 0, -4.37114e-08, -1, 0, 1, -4.37114e-08, -1, 49, 48.5 )
shape = SubResource( 2 )

[node name="CollisionShape3" type="CollisionShape" parent="StaticBody"]
transform = Transform( 1, 0, 0, 0, -4.37114e-08, -1, 0, 1, -4.37114e-08, -1, 49, -49 )
shape = SubResource( 2 )

[node name="CollisionShape4" type="CollisionShape" parent="StaticBody"]
transform = Transform( 1, 0, 0, 0, 1, 0, 0, 0, 1, -1, 98, 0 )
shape = SubResource( 2 )

[node name="CollisionShape5" type="CollisionShape" parent="StaticBody"]
transform = Transform( -4.37114e-08, 1, 0, -1, -4.37114e-08, 0, 0, 0, 1, -50, 49.5, 0 )
shape = SubResource( 2 )

[node name="CollisionShape6" type="CollisionShape" parent="StaticBody"]
transform = Transform( -4.37114e-08, 1, 0, -1, -4.37114e-08, 0, 0, 0, 1, 48, 49.5, 0 )
shape = SubResource( 2 )

[node name="ModelPineTree" parent="." instance=ExtResource( 2 )]
transform = Transform( 1, 0, 0, 0, 1, 0, 0, 0, 1, -99, 6, -8.5 )

[node name="ModelPineTree2" parent="." instance=ExtResource( 2 )]
transform = Transform( 1, 0, 0, 0, 1, 0, 0, 0, 1, -117.5, 2, -29.5 )

[node name="ModelPineTree3" parent="." instance=ExtResource( 2 )]
transform = Transform( 0.5, 0, 0, 0, 0.8, 0, 0, 0, 0.7, -120.5, 2, -22.5 )

[node name="ModelPineTree4" parent="." instance=ExtResource( 2 )]
transform = Transform( 0.75, 0, 0, 0, 1.25, 0, 0, 0, 0.75, -110, 2, -26 )

[node name="ModelPineTree5" parent="." instance=ExtResource( 2 )]
transform = Transform( -4.37114e-08, 0, 1, 0, 1, 0, -1, 0, -4.37114e-08, -64.75, 2, -29.25 )

[node name="ModelPineTree6" parent="." instance=ExtResource( 2 )]
transform = Transform( -2.18557e-08, 0, 0.7, 0, 0.8, 0, -0.5, 0, -3.0598e-08, -57.75, 2, -26.25 )

[node name="ModelPineTree7" parent="." instance=ExtResource( 2 )]
transform = Transform( -3.27835e-08, 0, 0.75, 0, 1.25, 0, -0.75, 0, -3.27835e-08, -61.25, 2, -36.75 )

[node name="ModelPineTree8" parent="." instance=ExtResource( 2 )]
transform = Transform( -4.37114e-08, 0, 1, 0, 1, 0, -1, 0, -4.37114e-08, -70.25, 2, -6.75 )

[node name="ModelPineTree9" parent="." instance=ExtResource( 2 )]
transform = Transform( -2.18557e-08, 0, 0.7, 0, 0.8, 0, -0.5, 0, -3.0598e-08, -63.25, 2, -3.75 )

[node name="ModelPineTree10" parent="." instance=ExtResource( 2 )]
transform = Transform( -3.27835e-08, 0, 0.75, 0, 1.25, 0, -0.75, 0, -3.27835e-08, -66.75, 2, -14.25 )

[node name="ModelPineTree11" parent="." instance=ExtResource( 2 )]
transform = Transform( -0.707107, 0, 0.707107, 0, 1, 0, -0.707107, 0, -0.707107, -72.6339, 2, 11.0659 )

[node name="ModelPineTree12" parent="." instance=ExtResource( 2 )]
transform = Transform( -0.353553, 0, 0.494975, 0, 0.8, 0, -0.353553, 0, -0.494975, -65.5628, 2, 8.23744 )

[node name="ModelPineTree13" parent="." instance=ExtResource( 2 )]
transform = Transform( -0.53033, 0, 0.53033, 0, 1.25, 0, -0.53033, 0, -0.53033, -75.4623, 2, 3.28769 )

[node name="ModelPineTree14" parent="." instance=ExtResource( 2 )]
transform = Transform( -0.707107, 0, -0.707107, 0, 1, 0, 0.707107, 0, -0.707107, -124.124, 2, 0.798092 )

[node name="ModelPineTree15" parent="." instance=ExtResource( 2 )]
transform = Transform( -0.353553, 0, -0.494975, 0, 0.8, 0, 0.353553, 0, -0.494975, -126.952, 2, -6.27297 )

[node name="ModelPineTree16" parent="." instance=ExtResource( 2 )]
transform = Transform( -0.53033, 0, -0.53033, 0, 1.25, 0, 0.53033, 0, -0.53033, -131.902, 2, 3.62652 )

[node name="ModelPineTree17" parent="." instance=ExtResource( 2 )]
transform = Transform( -0.707107, 0, 0.707107, 0, 1, 0, -0.707107, 0, -0.707107, -135.634, 2, -24.4341 )

[node name="ModelPineTree18" parent="." instance=ExtResource( 2 )]
transform = Transform( -0.353553, 0, 0.494975, 0, 0.8, 0, -0.353553, 0, -0.494975, -128.563, 2, -27.2626 )

[node name="ModelPineTree19" parent="." instance=ExtResource( 2 )]
transform = Transform( -0.53033, 0, 0.53033, 0, 1.25, 0, -0.53033, 0, -0.53033, -138.462, 2, -32.2123 )

[node name="ModelPineTree20" parent="." instance=ExtResource( 2 )]
transform = Transform( 1, 0, 5.96046e-08, 0, 1, 0, -5.96046e-08, 0, 1, -107.263, 2, -44.0732 )

[node name="ModelPineTree21" parent="." instance=ExtResource( 2 )]
transform = Transform( 0.5, 0, 2.98023e-08, 0, 0.8, 0, -2.98023e-08, 0, 0.7, -110.263, 2, -37.0732 )

[node name="ModelPineTree22" parent="." instance=ExtResource( 2 )]
transform = Transform( 0.75, 0, 0, 0, 1.25, 0, 0, 0, 0.75, -99.7626, 2, -40.5732 )

[node name="ModelPineTree23" parent="." instance=ExtResource( 2 )]
transform = Transform( 0.707107, 0, 0.707107, 0, 1, 0, -0.707107, 0, 0.707107, -131.078, 2, 16.5429 )

[node name="ModelPineTree24" parent="." instance=ExtResource( 2 )]
transform = Transform( 0.353553, 0, 0.494975, 0, 0.8, 0, -0.353553, 0, 0.494975, -128.25, 2, 23.614 )

[node name="ModelPineTree25" parent="." instance=ExtResource( 2 )]
transform = Transform( 0.53033, 0, 0.53033, 0, 1.25, 0, -0.53033, 0, 0.53033, -123.3, 2, 13.7145 )

[node name="ModelPineTree26" parent="." instance=ExtResource( 2 )]
transform = Transform( 0.258819, 0, -0.965926, 0, 1, 0, 0.965926, 0, 0.258819, -59.9077, 2, 25.8568 )

[node name="ModelPineTree27" parent="." instance=ExtResource( 2 )]
transform = Transform( 0.12941, 0, -0.676148, 0, 0.8, 0, 0.482963, 0, 0.181173, -67.4456, 2, 24.7708 )

[node name="ModelPineTree28" parent="." instance=ExtResource( 2 )]
transform = Transform( 0.194114, 0, -0.724444, 0, 1.25, 0, 0.724444, 0, 0.194114, -61.3473, 2, 34.0071 )

[node name="ModelPineTree29" parent="." instance=ExtResource( 2 )]
transform = Transform( 0.258819, 0, 0.965926, 0, 1, 0, -0.965926, 0, 0.258819, -87.2067, 2, 38.0634 )

[node name="ModelPineTree30" parent="." instance=ExtResource( 2 )]
transform = Transform( 0.12941, 0, 0.676148, 0, 0.8, 0, -0.482963, 0, 0.181173, -81.2217, 2, 42.7729 )

[node name="ModelPineTree31" parent="." instance=ExtResource( 2 )]
transform = Transform( 0.194114, 0, 0.724444, 0, 1.25, 0, -0.724444, 0, 0.194114, -81.8848, 2, 31.7248 )

[node name="ModelPineTree32" parent="." instance=ExtResource( 2 )]
transform = Transform( 0.258819, 0, 0.965926, 0, 1, 0, -0.965926, 0, 0.258819, -134.207, 2, 38.0634 )

[node name="ModelPineTree33" parent="." instance=ExtResource( 2 )]
transform = Transform( 0.12941, 0, 0.676148, 0, 0.8, 0, -0.482963, 0, 0.181173, -128.222, 2, 42.7729 )

[node name="ModelPineTree34" parent="." instance=ExtResource( 2 )]
transform = Transform( 0.194114, 0, 0.724444, 0, 1.25, 0, -0.724444, 0, 0.194114, -128.885, 2, 31.7248 )

[node name="ModelPineTree35" parent="." instance=ExtResource( 2 )]
transform = Transform( -0.965926, 0, 0.258819, 0, 1, 0, -0.258819, 0, -0.965926, -105.4, 2, 40.2414 )

[node name="ModelPineTree36" parent="." instance=ExtResource( 2 )]
transform = Transform( -0.482963, 0, 0.181173, 0, 0.8, 0, -0.12941, 0, -0.676148, -100.69, 2, 34.2563 )

[node name="ModelPineTree37" parent="." instance=ExtResource( 2 )]
transform = Transform( -0.724444, 0, 0.194114, 0, 1.25, 0, -0.194114, 0, -0.724444, -111.738, 2, 34.9195 )

[node name="ModelPineTree38" parent="." instance=ExtResource( 2 )]
transform = Transform( 0.965926, 0, 0.258819, 0, 1, 0, -0.258819, 0, 0.965926, -108.416, 2, 17.0645 )

[node name="ModelPineTree39" parent="." instance=ExtResource( 2 )]
transform = Transform( 0.482963, 0, 0.181173, 0, 0.8, 0, -0.12941, 0, 0.676148, -109.502, 2, 24.6025 )

[node name="ModelPineTree40" parent="." instance=ExtResource( 2 )]
transform = Transform( 0.724444, 0, 0.194114, 0, 1.25, 0, -0.194114, 0, 0.724444, -100.266, 2, 18.5041 )

[node name="ModelPineTree41" parent="." instance=ExtResource( 2 )]
transform = Transform( -0.258819, 0, -0.965926, 0, 1, 0, 0.965926, 0, -0.258819, -88.3537, 2, 21.6591 )

[node name="ModelPineTree42" parent="." instance=ExtResource( 2 )]
transform = Transform( -0.12941, 0, -0.676148, 0, 0.8, 0, 0.482963, 0, -0.181173, -94.3387, 2, 16.9496 )

[node name="ModelPineTree43" parent="." instance=ExtResource( 2 )]
transform = Transform( -0.194114, 0, -0.724444, 0, 1.25, 0, 0.724444, 0, -0.194114, -93.6755, 2, 27.9976 )

[node name="ModelPineTree44" parent="." instance=ExtResource( 2 )]
transform = Transform( -4.37114e-08, 0, -1, 0, 1, 0, 1, 0, -4.37114e-08, -90.2563, 6, -93.544 )

[node name="ModelPineTree45" parent="." instance=ExtResource( 2 )]
transform = Transform( -4.37114e-08, 0, -1, 0, 1, 0, 1, 0, -4.37114e-08, -69.2563, 2, -112.044 )

[node name="ModelPineTree46" parent="." instance=ExtResource( 2 )]
transform = Transform( -2.18557e-08, 0, -0.7, 0, 0.8, 0, 0.5, 0, -3.0598e-08, -76.2563, 2, -115.044 )

[node name="ModelPineTree47" parent="." instance=ExtResource( 2 )]
transform = Transform( -3.27835e-08, 0, -0.75, 0, 1.25, 0, 0.75, 0, -3.27835e-08, -72.7563, 2, -104.544 )

[node name="ModelPineTree48" parent="." instance=ExtResource( 2 )]
transform = Transform( 1, 0, 1.06581e-14, 0, 1, 0, -1.06581e-14, 0, 1, -69.5063, 2, -59.294 )

[node name="ModelPineTree49" parent="." instance=ExtResource( 2 )]
transform = Transform( 0.5, 0, 2.84217e-14, 0, 0.8, 0, -5.32907e-15, 0, 0.7, -72.5063, 2, -52.294 )

[node name="ModelPineTree50" parent="." instance=ExtResource( 2 )]
transform = Transform( 0.75, 0, -3.90799e-14, 0, 1.25, 0, 3.90799e-14, 0, 0.75, -62.0063, 2, -55.794 )

[node name="ModelPineTree51" parent="." instance=ExtResource( 2 )]
transform = Transform( 1, 0, 1.06581e-14, 0, 1, 0, -1.06581e-14, 0, 1, -92.0063, 2, -64.794 )

[node name="ModelPineTree52" parent="." instance=ExtResource( 2 )]
transform = Transform( 0.5, 0, 2.84217e-14, 0, 0.8, 0, -5.32907e-15, 0, 0.7, -95.0063, 2, -57.794 )

[node name="ModelPineTree53" parent="." instance=ExtResource( 2 )]
transform = Transform( 0.75, 0, -3.90799e-14, 0, 1.25, 0, 3.90799e-14, 0, 0.75, -84.5063, 2, -61.294 )

[node name="ModelPineTree54" parent="." instance=ExtResource( 2 )]
transform = Transform( 0.707107, 0, 0.707107, 0, 1, 0, -0.707107, 0, 0.707107, -109.822, 2, -67.1779 )

[node name="ModelPineTree55" parent="." instance=ExtResource( 2 )]
transform = Transform( 0.353553, 0, 0.494975, 0, 0.8, 0, -0.353553, 0, 0.494975, -106.994, 2, -60.1068 )

[node name="ModelPineTree56" parent="." instance=ExtResource( 2 )]
transform = Transform( 0.53033, 0, 0.53033, 0, 1.25, 0, -0.53033, 0, 0.53033, -102.044, 2, -70.0063 )

[node name="ModelPineTree57" parent="." instance=ExtResource( 2 )]
transform = Transform( -0.707107, 0, 0.707107, 0, 1, 0, -0.707107, 0, -0.707107, -99.5544, 2, -118.668 )

[node name="ModelPineTree58" parent="." instance=ExtResource( 2 )]
transform = Transform( -0.353553, 0, 0.494975, 0, 0.8, 0, -0.353553, 0, -0.494975, -92.4833, 2, -121.496 )

[node name="ModelPineTree59" parent="." instance=ExtResource( 2 )]
transform = Transform( -0.53033, 0, 0.53033, 0, 1.25, 0, -0.53033, 0, -0.53033, -102.383, 2, -126.446 )

[node name="ModelPineTree60" parent="." instance=ExtResource( 2 )]
transform = Transform( 0.707107, 0, 0.707107, 0, 1, 0, -0.707107, 0, 0.707107, -74.3222, 2, -130.178 )

[node name="ModelPineTree61" parent="." instance=ExtResource( 2 )]
transform = Transform( 0.353553, 0, 0.494975, 0, 0.8, 0, -0.353553, 0, 0.494975, -71.4937, 2, -123.107 )

[node name="ModelPineTree62" parent="." instance=ExtResource( 2 )]
transform = Transform( 0.53033, 0, 0.53033, 0, 1.25, 0, -0.53033, 0, 0.53033, -66.544, 2, -133.006 )

[node name="ModelPineTree63" parent="." instance=ExtResource( 2 )]
transform = Transform( 1.58932e-08, 0, -1, 0, 1, 0, 1, 0, 1.58932e-08, -54.6831, 2, -101.807 )

[node name="ModelPineTree64" parent="." instance=ExtResource( 2 )]
transform = Transform( 7.94661e-09, 0, -0.7, 0, 0.8, 0, 0.5, 0, -7.95671e-10, -61.6831, 2, -104.807 )

[node name="ModelPineTree65" parent="." instance=ExtResource( 2 )]
transform = Transform( -3.27835e-08, 0, -0.75, 0, 1.25, 0, 0.75, 0, -3.27835e-08, -58.1831, 2, -94.3066 )

[node name="ModelPineTree66" parent="." instance=ExtResource( 2 )]
transform = Transform( 0.707107, 0, -0.707107, 0, 1, 0, 0.707107, 0, 0.707107, -115.299, 2, -125.622 )

[node name="ModelPineTree67" parent="." instance=ExtResource( 2 )]
transform = Transform( 0.353553, 0, -0.494975, 0, 0.8, 0, 0.353553, 0, 0.494975, -122.37, 2, -122.794 )

[node name="ModelPineTree68" parent="." instance=ExtResource( 2 )]
transform = Transform( 0.53033, 0, -0.53033, 0, 1.25, 0, 0.53033, 0, 0.53033, -112.471, 2, -117.844 )

[node name="ModelPineTree69" parent="." instance=ExtResource( 2 )]
transform = Transform( -0.965926, 0, -0.258819, 0, 1, 0, 0.258819, 0, -0.965926, -124.613, 2, -54.4517 )

[node name="ModelPineTree70" parent="." instance=ExtResource( 2 )]
transform = Transform( -0.482963, 0, -0.181173, 0, 0.8, 0, 0.12941, 0, -0.676148, -123.527, 2, -61.9896 )

[node name="ModelPineTree71" parent="." instance=ExtResource( 2 )]
transform = Transform( -0.724444, 0, -0.194114, 0, 1.25, 0, 0.194114, 0, -0.724444, -132.763, 2, -55.8913 )

[node name="ModelPineTree72" parent="." instance=ExtResource( 2 )]
transform = Transform( 0.965926, 0, -0.258819, 0, 1, 0, 0.258819, 0, 0.965926, -136.82, 2, -81.7507 )

[node name="ModelPineTree73" parent="." instance=ExtResource( 2 )]
transform = Transform( 0.482963, 0, -0.181173, 0, 0.8, 0, 0.12941, 0, 0.676148, -141.529, 2, -75.7657 )

[node name="ModelPineTree74" parent="." instance=ExtResource( 2 )]
transform = Transform( 0.724444, 0, -0.194114, 0, 1.25, 0, 0.194114, 0, 0.724444, -130.481, 2, -76.4288 )

[node name="ModelPineTree75" parent="." instance=ExtResource( 2 )]
transform = Transform( 0.965926, 0, -0.258819, 0, 1, 0, 0.258819, 0, 0.965926, -136.82, 2, -128.751 )

[node name="ModelPineTree76" parent="." instance=ExtResource( 2 )]
transform = Transform( 0.482963, 0, -0.181173, 0, 0.8, 0, 0.12941, 0, 0.676148, -141.529, 2, -122.766 )

[node name="ModelPineTree77" parent="." instance=ExtResource( 2 )]
transform = Transform( 0.724444, 0, -0.194114, 0, 1.25, 0, 0.194114, 0, 0.724444, -130.481, 2, -123.429 )

[node name="ModelPineTree78" parent="." instance=ExtResource( 2 )]
transform = Transform( 0.258819, 0, 0.965926, 0, 1, 0, -0.965926, 0, 0.258819, -138.998, 2, -99.9437 )

[node name="ModelPineTree79" parent="." instance=ExtResource( 2 )]
transform = Transform( 0.12941, 0, 0.676148, 0, 0.8, 0, -0.482963, 0, 0.181173, -133.013, 2, -95.2342 )

[node name="ModelPineTree80" parent="." instance=ExtResource( 2 )]
transform = Transform( 0.194114, 0, 0.724444, 0, 1.25, 0, -0.724444, 0, 0.194114, -133.676, 2, -106.282 )

[node name="ModelPineTree81" parent="." instance=ExtResource( 2 )]
transform = Transform( 0.258819, 0, -0.965926, 0, 1, 0, 0.965926, 0, 0.258819, -115.821, 2, -102.96 )

[node name="ModelPineTree82" parent="." instance=ExtResource( 2 )]
transform = Transform( 0.12941, 0, -0.676148, 0, 0.8, 0, 0.482963, 0, 0.181173, -123.359, 2, -104.046 )

[node name="ModelPineTree83" parent="." instance=ExtResource( 2 )]
transform = Transform( 0.194114, 0, -0.724444, 0, 1.25, 0, 0.724444, 0, 0.194114, -117.26, 2, -94.8096 )

[node name="ModelPineTree84" parent="." instance=ExtResource( 2 )]
transform = Transform( -0.965926, 0, 0.258819, 0, 1, 0, -0.258819, 0, -0.965926, -120.415, 2, -82.8977 )

[node name="ModelPineTree85" parent="." instance=ExtResource( 2 )]
transform = Transform( -0.482963, 0, 0.181173, 0, 0.8, 0, -0.12941, 0, -0.676148, -115.706, 2, -88.8827 )

[node name="ModelPineTree86" parent="." instance=ExtResource( 2 )]
transform = Transform( -0.724444, 0, 0.194114, 0, 1.25, 0, -0.194114, 0, -0.724444, -126.754, 2, -88.2195 )

[node name="ModelPineTree87" parent="." instance=ExtResource( 2 )]
transform = Transform( -1, 0, 8.74228e-08, 0, 1, 0, -8.74228e-08, 0, -1, -2.21231, 6, -91.8003 )

[node name="ModelPineTree88" parent="." instance=ExtResource( 2 )]
transform = Transform( -1, 0, 8.74228e-08, 0, 1, 0, -8.74228e-08, 0, -1, 16.2877, 2, -70.8003 )

[node name="ModelPineTree89" parent="." instance=ExtResource( 2 )]
transform = Transform( -0.5, 0, 6.11959e-08, 0, 0.8, 0, -4.37114e-08, 0, -0.7, 19.2877, 2, -77.8003 )

[node name="ModelPineTree90" parent="." instance=ExtResource( 2 )]
transform = Transform( -0.75, 0, 6.55671e-08, 0, 1.25, 0, -6.55671e-08, 0, -0.75, 8.78769, 2, -74.3003 )

[node name="ModelPineTree91" parent="." instance=ExtResource( 2 )]
transform = Transform( -4.37114e-08, 0, -1, 0, 1, 0, 1, 0, -4.37114e-08, -36.4623, 2, -71.0503 )

[node name="ModelPineTree92" parent="." instance=ExtResource( 2 )]
transform = Transform( -2.18557e-08, 0, -0.7, 0, 0.8, 0, 0.5, 0, -3.05979e-08, -43.4623, 2, -74.0503 )

[node name="ModelPineTree93" parent="." instance=ExtResource( 2 )]
transform = Transform( -3.27836e-08, 0, -0.75, 0, 1.25, 0, 0.75, 0, -3.27836e-08, -39.9623, 2, -63.5503 )

[node name="ModelPineTree94" parent="." instance=ExtResource( 2 )]
transform = Transform( -4.37114e-08, 0, -1, 0, 1, 0, 1, 0, -4.37114e-08, -30.9623, 2, -93.5503 )

[node name="ModelPineTree95" parent="." instance=ExtResource( 2 )]
transform = Transform( -2.18557e-08, 0, -0.7, 0, 0.8, 0, 0.5, 0, -3.05979e-08, -37.9623, 2, -96.5503 )

[node name="ModelPineTree96" parent="." instance=ExtResource( 2 )]
transform = Transform( -3.27836e-08, 0, -0.75, 0, 1.25, 0, 0.75, 0, -3.27836e-08, -34.4623, 2, -86.0503 )

[node name="ModelPineTree97" parent="." instance=ExtResource( 2 )]
transform = Transform( 0.707107, 0, -0.707107, 0, 1, 0, 0.707107, 0, 0.707107, -28.5784, 2, -111.366 )

[node name="ModelPineTree98" parent="." instance=ExtResource( 2 )]
transform = Transform( 0.353553, 0, -0.494975, 0, 0.8, 0, 0.353553, 0, 0.494975, -35.6495, 2, -108.538 )

[node name="ModelPineTree99" parent="." instance=ExtResource( 2 )]
transform = Transform( 0.53033, 0, -0.53033, 0, 1.25, 0, 0.53033, 0, 0.53033, -25.75, 2, -103.588 )

[node name="ModelPineTree100" parent="." instance=ExtResource( 2 )]
transform = Transform( 0.707107, 0, 0.707107, 0, 1, 0, -0.707107, 0, 0.707107, 22.9112, 2, -101.098 )

[node name="ModelPineTree101" parent="." instance=ExtResource( 2 )]
transform = Transform( 0.353553, 0, 0.494975, 0, 0.8, 0, -0.353553, 0, 0.494975, 25.7396, 2, -94.0273 )

[node name="ModelPineTree102" parent="." instance=ExtResource( 2 )]
transform = Transform( 0.53033, 0, 0.53033, 0, 1.25, 0, -0.53033, 0, 0.53033, 30.6894, 2, -103.927 )

[node name="ModelPineTree103" parent="." instance=ExtResource( 2 )]
transform = Transform( 0.707107, 0, -0.707107, 0, 1, 0, 0.707107, 0, 0.707107, 34.4216, 2, -75.8662 )

[node name="ModelPineTree104" parent="." instance=ExtResource( 2 )]
transform = Transform( 0.353553, 0, -0.494975, 0, 0.8, 0, 0.353553, 0, 0.494975, 27.3505, 2, -73.0377 )

[node name="ModelPineTree105" parent="." instance=ExtResource( 2 )]
transform = Transform( 0.53033, 0, -0.53033, 0, 1.25, 0, 0.53033, 0, 0.53033, 37.25, 2, -68.088 )

[node name="ModelPineTree106" parent="." instance=ExtResource( 2 )]
transform = Transform( -1, 0, 2.78182e-08, 0, 1, 0, -2.78182e-08, 0, -1, 6.05029, 2, -56.2271 )

[node name="ModelPineTree107" parent="." instance=ExtResource( 2 )]
transform = Transform( -0.5, 0, 3.13936e-08, 0, 0.8, 0, -1.39091e-08, 0, -0.7, 9.05029, 2, -63.2271 )

[node name="ModelPineTree108" parent="." instance=ExtResource( 2 )]
transform = Transform( -0.75, 0, 6.55671e-08, 0, 1.25, 0, -6.55671e-08, 0, -0.75, -1.44975, 2, -59.7271 )

[node name="ModelPineTree109" parent="." instance=ExtResource( 2 )]
transform = Transform( -0.707107, 0, -0.707107, 0, 1, 0, 0.707107, 0, -0.707107, 29.8661, 2, -116.843 )

[node name="ModelPineTree110" parent="." instance=ExtResource( 2 )]
transform = Transform( -0.353553, 0, -0.494975, 0, 0.8, 0, 0.353553, 0, -0.494975, 27.0377, 2, -123.914 )

[node name="ModelPineTree111" parent="." instance=ExtResource( 2 )]
transform = Transform( -0.53033, 0, -0.53033, 0, 1.25, 0, 0.53033, 0, -0.53033, 22.0879, 2, -114.015 )

[node name="ModelPineTree112" parent="." instance=ExtResource( 2 )]
transform = Transform( -0.258819, 0, 0.965926, 0, 1, 0, -0.965926, 0, -0.258819, -41.3046, 2, -126.157 )

[node name="ModelPineTree113" parent="." instance=ExtResource( 2 )]
transform = Transform( -0.12941, 0, 0.676148, 0, 0.8, 0, -0.482963, 0, -0.181173, -33.7667, 2, -125.071 )

[node name="ModelPineTree114" parent="." instance=ExtResource( 2 )]
transform = Transform( -0.194114, 0, 0.724444, 0, 1.25, 0, -0.724444, 0, -0.194114, -39.865, 2, -134.307 )

[node name="ModelPineTree115" parent="." instance=ExtResource( 2 )]
transform = Transform( -0.258819, 0, -0.965926, 0, 1, 0, 0.965926, 0, -0.258819, -14.0056, 2, -138.364 )

[node name="ModelPineTree116" parent="." instance=ExtResource( 2 )]
transform = Transform( -0.12941, 0, -0.676148, 0, 0.8, 0, 0.482963, 0, -0.181173, -19.9906, 2, -143.073 )

[node name="ModelPineTree117" parent="." instance=ExtResource( 2 )]
transform = Transform( -0.194114, 0, -0.724444, 0, 1.25, 0, 0.724444, 0, -0.194114, -19.3275, 2, -132.025 )

[node name="ModelPineTree118" parent="." instance=ExtResource( 2 )]
transform = Transform( -0.258819, 0, -0.965926, 0, 1, 0, 0.965926, 0, -0.258819, 32.9944, 2, -138.364 )

[node name="ModelPineTree119" parent="." instance=ExtResource( 2 )]
transform = Transform( -0.12941, 0, -0.676148, 0, 0.8, 0, 0.482963, 0, -0.181173, 27.0094, 2, -143.073 )

[node name="ModelPineTree120" parent="." instance=ExtResource( 2 )]
transform = Transform( -0.194114, 0, -0.724444, 0, 1.25, 0, 0.724444, 0, -0.194114, 27.6725, 2, -132.025 )

[node name="ModelPineTree121" parent="." instance=ExtResource( 2 )]
transform = Transform( 0.965926, 0, -0.258819, 0, 1, 0, 0.258819, 0, 0.965926, 4.1874, 2, -140.542 )

[node name="ModelPineTree122" parent="." instance=ExtResource( 2 )]
transform = Transform( 0.482963, 0, -0.181173, 0, 0.8, 0, 0.12941, 0, 0.676148, -0.522125, 2, -134.557 )

[node name="ModelPineTree123" parent="." instance=ExtResource( 2 )]
transform = Transform( 0.724444, 0, -0.194114, 0, 1.25, 0, 0.194114, 0, 0.724444, 10.526, 2, -135.22 )

[node name="ModelPineTree124" parent="." instance=ExtResource( 2 )]
transform = Transform( -0.965926, 0, -0.258819, 0, 1, 0, 0.258819, 0, -0.965926, 7.2036, 2, -117.365 )

[node name="ModelPineTree125" parent="." instance=ExtResource( 2 )]
transform = Transform( -0.482963, 0, -0.181173, 0, 0.8, 0, 0.12941, 0, -0.676148, 8.2896, 2, -124.903 )

[node name="ModelPineTree126" parent="." instance=ExtResource( 2 )]
transform = Transform( -0.724444, 0, -0.194114, 0, 1.25, 0, 0.194114, 0, -0.724444, -0.946732, 2, -118.804 )

[node name="ModelPineTree127" parent="." instance=ExtResource( 2 )]
transform = Transform( 0.258819, 0, 0.965926, 0, 1, 0, -0.965926, 0, 0.258819, -12.8587, 2, -121.959 )

[node name="ModelPineTree128" parent="." instance=ExtResource( 2 )]
transform = Transform( 0.12941, 0, 0.676148, 0, 0.8, 0, -0.482963, 0, 0.181173, -6.87363, 2, -117.25 )

[node name="ModelPineTree129" parent="." instance=ExtResource( 2 )]
transform = Transform( 0.194114, 0, 0.724444, 0, 1.25, 0, -0.724444, 0, 0.194114, -7.53677, 2, -128.298 )

[node name="ModelPineTree130" parent="." instance=ExtResource( 2 )]
transform = Transform( -1, 0, 8.74228e-08, 0, 1, 0, -8.74228e-08, 0, -1, -2.21231, 6, -91.8003 )

[node name="ModelPineTree131" parent="." instance=ExtResource( 2 )]
transform = Transform( -1, 0, 8.74228e-08, 0, 1, 0, -8.74228e-08, 0, -1, 16.2877, 2, -70.8003 )

[node name="ModelPineTree132" parent="." instance=ExtResource( 2 )]
transform = Transform( -0.5, 0, 6.11959e-08, 0, 0.8, 0, -4.37114e-08, 0, -0.7, 19.2877, 2, -77.8003 )

[node name="ModelPineTree133" parent="." instance=ExtResource( 2 )]
transform = Transform( -0.75, 0, 6.55671e-08, 0, 1.25, 0, -6.55671e-08, 0, -0.75, 8.78769, 2, -74.3003 )

[node name="ModelPineTree134" parent="." instance=ExtResource( 2 )]
transform = Transform( -4.37114e-08, 0, -1, 0, 1, 0, 1, 0, -4.37114e-08, -36.4623, 2, -71.0503 )

[node name="ModelPineTree135" parent="." instance=ExtResource( 2 )]
transform = Transform( -2.18557e-08, 0, -0.7, 0, 0.8, 0, 0.5, 0, -3.05979e-08, -43.4623, 2, -74.0503 )

[node name="ModelPineTree136" parent="." instance=ExtResource( 2 )]
transform = Transform( -3.27836e-08, 0, -0.75, 0, 1.25, 0, 0.75, 0, -3.27836e-08, -39.9623, 2, -63.5503 )

[node name="ModelPineTree137" parent="." instance=ExtResource( 2 )]
transform = Transform( -4.37114e-08, 0, -1, 0, 1, 0, 1, 0, -4.37114e-08, -30.9623, 2, -93.5503 )

[node name="ModelPineTree138" parent="." instance=ExtResource( 2 )]
transform = Transform( -2.18557e-08, 0, -0.7, 0, 0.8, 0, 0.5, 0, -3.05979e-08, -37.9623, 2, -96.5503 )

[node name="ModelPineTree139" parent="." instance=ExtResource( 2 )]
transform = Transform( -3.27836e-08, 0, -0.75, 0, 1.25, 0, 0.75, 0, -3.27836e-08, -34.4623, 2, -86.0503 )

[node name="ModelPineTree140" parent="." instance=ExtResource( 2 )]
transform = Transform( 0.707107, 0, -0.707107, 0, 1, 0, 0.707107, 0, 0.707107, -28.5784, 2, -111.366 )

[node name="ModelPineTree141" parent="." instance=ExtResource( 2 )]
transform = Transform( 0.353553, 0, -0.494975, 0, 0.8, 0, 0.353553, 0, 0.494975, -35.6495, 2, -108.538 )

[node name="ModelPineTree142" parent="." instance=ExtResource( 2 )]
transform = Transform( 0.53033, 0, -0.53033, 0, 1.25, 0, 0.53033, 0, 0.53033, -25.75, 2, -103.588 )

[node name="ModelPineTree143" parent="." instance=ExtResource( 2 )]
transform = Transform( 0.707107, 0, 0.707107, 0, 1, 0, -0.707107, 0, 0.707107, 22.9112, 2, -101.098 )

[node name="ModelPineTree144" parent="." instance=ExtResource( 2 )]
transform = Transform( 0.353553, 0, 0.494975, 0, 0.8, 0, -0.353553, 0, 0.494975, 25.7396, 2, -94.0273 )

[node name="ModelPineTree145" parent="." instance=ExtResource( 2 )]
transform = Transform( 0.53033, 0, 0.53033, 0, 1.25, 0, -0.53033, 0, 0.53033, 30.6894, 2, -103.927 )

[node name="ModelPineTree146" parent="." instance=ExtResource( 2 )]
transform = Transform( 0.707107, 0, -0.707107, 0, 1, 0, 0.707107, 0, 0.707107, 34.4216, 2, -75.8662 )

[node name="ModelPineTree147" parent="." instance=ExtResource( 2 )]
transform = Transform( 0.353553, 0, -0.494975, 0, 0.8, 0, 0.353553, 0, 0.494975, 27.3505, 2, -73.0377 )

[node name="ModelPineTree148" parent="." instance=ExtResource( 2 )]
transform = Transform( 0.53033, 0, -0.53033, 0, 1.25, 0, 0.53033, 0, 0.53033, 37.25, 2, -68.088 )

[node name="ModelPineTree149" parent="." instance=ExtResource( 2 )]
transform = Transform( -1, 0, 2.78182e-08, 0, 1, 0, -2.78182e-08, 0, -1, 6.05029, 2, -56.2271 )

[node name="ModelPineTree150" parent="." instance=ExtResource( 2 )]
transform = Transform( -0.5, 0, 3.13936e-08, 0, 0.8, 0, -1.39091e-08, 0, -0.7, 9.05029, 2, -63.2271 )

[node name="ModelPineTree151" parent="." instance=ExtResource( 2 )]
transform = Transform( -0.75, 0, 6.55671e-08, 0, 1.25, 0, -6.55671e-08, 0, -0.75, -1.44975, 2, -59.7271 )

[node name="ModelPineTree152" parent="." instance=ExtResource( 2 )]
transform = Transform( -0.707107, 0, -0.707107, 0, 1, 0, 0.707107, 0, -0.707107, 29.8661, 2, -116.843 )

[node name="ModelPineTree153" parent="." instance=ExtResource( 2 )]
transform = Transform( -0.353553, 0, -0.494975, 0, 0.8, 0, 0.353553, 0, -0.494975, 27.0377, 2, -123.914 )

[node name="ModelPineTree154" parent="." instance=ExtResource( 2 )]
transform = Transform( -0.53033, 0, -0.53033, 0, 1.25, 0, 0.53033, 0, -0.53033, 22.0879, 2, -114.015 )

[node name="ModelPineTree155" parent="." instance=ExtResource( 2 )]
transform = Transform( -0.258819, 0, 0.965926, 0, 1, 0, -0.965926, 0, -0.258819, -41.3046, 2, -126.157 )

[node name="ModelPineTree156" parent="." instance=ExtResource( 2 )]
transform = Transform( -0.12941, 0, 0.676148, 0, 0.8, 0, -0.482963, 0, -0.181173, -33.7667, 2, -125.071 )

[node name="ModelPineTree157" parent="." instance=ExtResource( 2 )]
transform = Transform( -0.194114, 0, 0.724444, 0, 1.25, 0, -0.724444, 0, -0.194114, -39.865, 2, -134.307 )

[node name="ModelPineTree158" parent="." instance=ExtResource( 2 )]
transform = Transform( -0.258819, 0, -0.965926, 0, 1, 0, 0.965926, 0, -0.258819, -14.0056, 2, -138.364 )

[node name="ModelPineTree159" parent="." instance=ExtResource( 2 )]
transform = Transform( -0.12941, 0, -0.676148, 0, 0.8, 0, 0.482963, 0, -0.181173, -19.9906, 2, -143.073 )

[node name="ModelPineTree160" parent="." instance=ExtResource( 2 )]
transform = Transform( -0.194114, 0, -0.724444, 0, 1.25, 0, 0.724444, 0, -0.194114, -19.3275, 2, -132.025 )

[node name="ModelPineTree161" parent="." instance=ExtResource( 2 )]
transform = Transform( -0.258819, 0, -0.965926, 0, 1, 0, 0.965926, 0, -0.258819, 32.9944, 2, -138.364 )

[node name="ModelPineTree162" parent="." instance=ExtResource( 2 )]
transform = Transform( -0.12941, 0, -0.676148, 0, 0.8, 0, 0.482963, 0, -0.181173, 27.0094, 2, -143.073 )

[node name="ModelPineTree163" parent="." instance=ExtResource( 2 )]
transform = Transform( -0.194114, 0, -0.724444, 0, 1.25, 0, 0.724444, 0, -0.194114, 27.6725, 2, -132.025 )

[node name="ModelPineTree164" parent="." instance=ExtResource( 2 )]
transform = Transform( 0.965926, 0, -0.258819, 0, 1, 0, 0.258819, 0, 0.965926, 4.1874, 2, -140.542 )

[node name="ModelPineTree165" parent="." instance=ExtResource( 2 )]
transform = Transform( 0.482963, 0, -0.181173, 0, 0.8, 0, 0.12941, 0, 0.676148, -0.522125, 2, -134.557 )

[node name="ModelPineTree166" parent="." instance=ExtResource( 2 )]
transform = Transform( 0.724444, 0, -0.194114, 0, 1.25, 0, 0.194114, 0, 0.724444, 10.526, 2, -135.22 )

[node name="ModelPineTree167" parent="." instance=ExtResource( 2 )]
transform = Transform( -0.965926, 0, -0.258819, 0, 1, 0, 0.258819, 0, -0.965926, 7.2036, 2, -117.365 )

[node name="ModelPineTree168" parent="." instance=ExtResource( 2 )]
transform = Transform( -0.482963, 0, -0.181173, 0, 0.8, 0, 0.12941, 0, -0.676148, 8.2896, 2, -124.903 )

[node name="ModelPineTree169" parent="." instance=ExtResource( 2 )]
transform = Transform( -0.724444, 0, -0.194114, 0, 1.25, 0, 0.194114, 0, -0.724444, -0.946732, 2, -118.804 )

[node name="ModelPineTree170" parent="." instance=ExtResource( 2 )]
transform = Transform( 0.258819, 0, 0.965926, 0, 1, 0, -0.965926, 0, 0.258819, -12.8587, 2, -121.959 )

[node name="ModelPineTree171" parent="." instance=ExtResource( 2 )]
transform = Transform( 0.12941, 0, 0.676148, 0, 0.8, 0, -0.482963, 0, 0.181173, -6.87363, 2, -117.25 )

[node name="ModelPineTree172" parent="." instance=ExtResource( 2 )]
transform = Transform( 0.194114, 0, 0.724444, 0, 1.25, 0, -0.724444, 0, 0.194114, -7.53677, 2, -128.298 )

[node name="ModelPineTree173" parent="." instance=ExtResource( 2 )]
transform = Transform( -1, 0, -8.74228e-08, 0, 1, 0, 8.74228e-08, 0, -1, 92.7208, 6, 7.69969 )

[node name="ModelPineTree174" parent="." instance=ExtResource( 2 )]
transform = Transform( -1, 0, -8.74228e-08, 0, 1, 0, 8.74228e-08, 0, -1, 111.221, 2, 28.6997 )

[node name="ModelPineTree175" parent="." instance=ExtResource( 2 )]
transform = Transform( -0.5, 0, -6.11959e-08, 0, 0.8, 0, 4.37114e-08, 0, -0.7, 114.221, 2, 21.6997 )

[node name="ModelPineTree176" parent="." instance=ExtResource( 2 )]
transform = Transform( -0.75, 0, -6.55671e-08, 0, 1.25, 0, 6.55671e-08, 0, -0.75, 103.721, 2, 25.1997 )

[node name="ModelPineTree177" parent="." instance=ExtResource( 2 )]
transform = Transform( 1.31134e-07, 0, -1, 0, 1, 0, 1, 0, 1.31134e-07, 58.4708, 2, 28.4497 )

[node name="ModelPineTree178" parent="." instance=ExtResource( 2 )]
transform = Transform( 6.55671e-08, 0, -0.7, 0, 0.8, 0, 0.5, 0, 9.17939e-08, 51.4708, 2, 25.4497 )

[node name="ModelPineTree179" parent="." instance=ExtResource( 2 )]
transform = Transform( 9.83506e-08, 0, -0.75, 0, 1.25, 0, 0.75, 0, 9.83506e-08, 54.9708, 2, 35.9497 )

[node name="ModelPineTree180" parent="." instance=ExtResource( 2 )]
transform = Transform( 1.31134e-07, 0, -1, 0, 1, 0, 1, 0, 1.31134e-07, 63.9708, 2, 5.94969 )

[node name="ModelPineTree181" parent="." instance=ExtResource( 2 )]
transform = Transform( 6.55671e-08, 0, -0.7, 0, 0.8, 0, 0.5, 0, 9.17939e-08, 56.9708, 2, 2.94969 )

[node name="ModelPineTree182" parent="." instance=ExtResource( 2 )]
transform = Transform( 9.83506e-08, 0, -0.75, 0, 1.25, 0, 0.75, 0, 9.83506e-08, 60.4708, 2, 13.4497 )

[node name="ModelPineTree183" parent="." instance=ExtResource( 2 )]
transform = Transform( 0.707107, 0, -0.707107, 0, 1, 0, 0.707107, 0, 0.707107, 66.3547, 2, -11.8662 )

[node name="ModelPineTree184" parent="." instance=ExtResource( 2 )]
transform = Transform( 0.353553, 0, -0.494975, 0, 0.8, 0, 0.353553, 0, 0.494975, 59.2836, 2, -9.03775 )

[node name="ModelPineTree185" parent="." instance=ExtResource( 2 )]
transform = Transform( 0.53033, 0, -0.53033, 0, 1.25, 0, 0.53033, 0, 0.53033, 69.1831, 2, -4.088 )

[node name="ModelPineTree186" parent="." instance=ExtResource( 2 )]
transform = Transform( 0.707107, 0, 0.707107, 0, 1, 0, -0.707107, 0, 0.707107, 117.844, 2, -1.5984 )

[node name="ModelPineTree187" parent="." instance=ExtResource( 2 )]
transform = Transform( 0.353553, 0, 0.494975, 0, 0.8, 0, -0.353553, 0, 0.494975, 120.673, 2, 5.47266 )

[node name="ModelPineTree188" parent="." instance=ExtResource( 2 )]
transform = Transform( 0.53033, 0, 0.53033, 0, 1.25, 0, -0.53033, 0, 0.53033, 125.622, 2, -4.42683 )

[node name="ModelPineTree189" parent="." instance=ExtResource( 2 )]
transform = Transform( 0.707107, 0, -0.707107, 0, 1, 0, 0.707107, 0, 0.707107, 129.355, 2, 23.6338 )

[node name="ModelPineTree190" parent="." instance=ExtResource( 2 )]
transform = Transform( 0.353553, 0, -0.494975, 0, 0.8, 0, 0.353553, 0, 0.494975, 122.284, 2, 26.4623 )

[node name="ModelPineTree191" parent="." instance=ExtResource( 2 )]
transform = Transform( 0.53033, 0, -0.53033, 0, 1.25, 0, 0.53033, 0, 0.53033, 132.183, 2, 31.412 )

[node name="ModelPineTree192" parent="." instance=ExtResource( 2 )]
transform = Transform( -1, 0, -1.47027e-07, 0, 1, 0, 1.47027e-07, 0, -1, 100.983, 2, 43.2729 )

[node name="ModelPineTree193" parent="." instance=ExtResource( 2 )]
transform = Transform( -0.5, 0, -9.09982e-08, 0, 0.8, 0, 7.35137e-08, 0, -0.7, 103.983, 2, 36.2729 )

[node name="ModelPineTree194" parent="." instance=ExtResource( 2 )]
transform = Transform( -0.75, 0, -6.55671e-08, 0, 1.25, 0, 6.55671e-08, 0, -0.75, 93.4834, 2, 39.7729 )

[node name="ModelPineTree195" parent="." instance=ExtResource( 2 )]
transform = Transform( -0.707107, 0, -0.707107, 0, 1, 0, 0.707107, 0, -0.707107, 124.799, 2, -17.3432 )

[node name="ModelPineTree196" parent="." instance=ExtResource( 2 )]
transform = Transform( -0.353553, 0, -0.494975, 0, 0.8, 0, 0.353553, 0, -0.494975, 121.971, 2, -24.4143 )

[node name="ModelPineTree197" parent="." instance=ExtResource( 2 )]
transform = Transform( -0.53033, 0, -0.53033, 0, 1.25, 0, 0.53033, 0, -0.53033, 117.021, 2, -14.5148 )

[node name="ModelPineTree198" parent="." instance=ExtResource( 2 )]
transform = Transform( -0.258819, 0, 0.965926, 0, 1, 0, -0.965926, 0, -0.258819, 53.6285, 2, -26.6571 )

[node name="ModelPineTree199" parent="." instance=ExtResource( 2 )]
transform = Transform( -0.12941, 0, 0.676148, 0, 0.8, 0, -0.482963, 0, -0.181173, 61.1664, 2, -25.5711 )

[node name="ModelPineTree200" parent="." instance=ExtResource( 2 )]
transform = Transform( -0.194114, 0, 0.724444, 0, 1.25, 0, -0.724444, 0, -0.194114, 55.0681, 2, -34.8074 )

[node name="ModelPineTree201" parent="." instance=ExtResource( 2 )]
transform = Transform( -0.258819, 0, -0.965926, 0, 1, 0, 0.965926, 0, -0.258819, 80.9275, 2, -38.8637 )

[node name="ModelPineTree202" parent="." instance=ExtResource( 2 )]
transform = Transform( -0.12941, 0, -0.676148, 0, 0.8, 0, 0.482963, 0, -0.181173, 74.9425, 2, -43.5732 )

[node name="ModelPineTree203" parent="." instance=ExtResource( 2 )]
transform = Transform( -0.194114, 0, -0.724444, 0, 1.25, 0, 0.724444, 0, -0.194114, 75.6056, 2, -32.5251 )

[node name="ModelPineTree204" parent="." instance=ExtResource( 2 )]
transform = Transform( -0.258819, 0, -0.965926, 0, 1, 0, 0.965926, 0, -0.258819, 127.927, 2, -38.8637 )

[node name="ModelPineTree205" parent="." instance=ExtResource( 2 )]
transform = Transform( -0.12941, 0, -0.676148, 0, 0.8, 0, 0.482963, 0, -0.181173, 121.942, 2, -43.5732 )

[node name="ModelPineTree206" parent="." instance=ExtResource( 2 )]
transform = Transform( -0.194114, 0, -0.724444, 0, 1.25, 0, 0.724444, 0, -0.194114, 122.606, 2, -32.5251 )

[node name="ModelPineTree207" parent="." instance=ExtResource( 2 )]
transform = Transform( 0.965926, 0, -0.258819, 0, 1, 0, 0.258819, 0, 0.965926, 99.1205, 2, -41.0417 )

[node name="ModelPineTree208" parent="." instance=ExtResource( 2 )]
transform = Transform( 0.482963, 0, -0.181173, 0, 0.8, 0, 0.12941, 0, 0.676148, 94.411, 2, -35.0566 )

[node name="ModelPineTree209" parent="." instance=ExtResource( 2 )]
transform = Transform( 0.724444, 0, -0.194114, 0, 1.25, 0, 0.194114, 0, 0.724444, 105.459, 2, -35.7198 )

[node name="ModelPineTree210" parent="." instance=ExtResource( 2 )]
transform = Transform( -0.965926, 0, -0.258819, 0, 1, 0, 0.258819, 0, -0.965926, 102.137, 2, -17.8648 )

[node name="ModelPineTree211" parent="." instance=ExtResource( 2 )]
transform = Transform( -0.482963, 0, -0.181173, 0, 0.8, 0, 0.12941, 0, -0.676148, 103.223, 2, -25.4028 )

[node name="ModelPineTree212" parent="." instance=ExtResource( 2 )]
transform = Transform( -0.724444, 0, -0.194114, 0, 1.25, 0, 0.194114, 0, -0.724444, 93.9864, 2, -19.3044 )

[node name="ModelPineTree213" parent="." instance=ExtResource( 2 )]
transform = Transform( 0.258819, 0, 0.965926, 0, 1, 0, -0.965926, 0, 0.258819, 82.0744, 2, -22.4594 )

[node name="ModelPineTree214" parent="." instance=ExtResource( 2 )]
transform = Transform( 0.12941, 0, 0.676148, 0, 0.8, 0, -0.482963, 0, 0.181173, 88.0595, 2, -17.7499 )

[node name="ModelPineTree215" parent="." instance=ExtResource( 2 )]
transform = Transform( 0.194114, 0, 0.724444, 0, 1.25, 0, -0.724444, 0, 0.194114, 87.3963, 2, -28.7979 )

[node name="ModelPineTree216" parent="." instance=ExtResource( 2 )]
transform = Transform( -4.37114e-08, 0, 1, 0, 1, 0, -1, 0, -4.37114e-08, 83.9771, 6, 92.7437 )

[node name="ModelPineTree217" parent="." instance=ExtResource( 2 )]
transform = Transform( -4.37114e-08, 0, 1, 0, 1, 0, -1, 0, -4.37114e-08, 62.9771, 2, 111.244 )

[node name="ModelPineTree218" parent="." instance=ExtResource( 2 )]
transform = Transform( -2.18557e-08, 0, 0.7, 0, 0.8, 0, -0.5, 0, -3.0598e-08, 69.9771, 2, 114.244 )

[node name="ModelPineTree219" parent="." instance=ExtResource( 2 )]
transform = Transform( -3.27835e-08, 0, 0.75, 0, 1.25, 0, -0.75, 0, -3.27835e-08, 66.4771, 2, 103.744 )

[node name="ModelPineTree220" parent="." instance=ExtResource( 2 )]
transform = Transform( -1, 0, -8.74228e-08, 0, 1, 0, 8.74228e-08, 0, -1, 63.2271, 2, 58.4937 )

[node name="ModelPineTree221" parent="." instance=ExtResource( 2 )]
transform = Transform( -0.5, 0, -6.1196e-08, 0, 0.8, 0, 4.37114e-08, 0, -0.7, 66.2271, 2, 51.4937 )

[node name="ModelPineTree222" parent="." instance=ExtResource( 2 )]
transform = Transform( -0.75, 0, -6.5567e-08, 0, 1.25, 0, 6.5567e-08, 0, -0.75, 55.7271, 2, 54.9937 )

[node name="ModelPineTree223" parent="." instance=ExtResource( 2 )]
transform = Transform( -1, 0, -8.74228e-08, 0, 1, 0, 8.74228e-08, 0, -1, 85.7271, 2, 63.9937 )

[node name="ModelPineTree224" parent="." instance=ExtResource( 2 )]
transform = Transform( -0.5, 0, -6.1196e-08, 0, 0.8, 0, 4.37114e-08, 0, -0.7, 88.7271, 2, 56.9937 )

